1,978-3-16-148410-0,9531,22,11,2017,17,11,2017,0,0,0
2,965-3-16-784650-0,4926,23,12,2017,25,11,2017,25,12,2017
3,965-3-16-784650-0,4926,27,12,2017,25,11,2017,0,0,0
4,974-3-14-148432-0,4926,20,12,2017,31,12,2017,0,0,0
5,974-3-14-148432-0,5022,20,12,2017,31,12,2017,0,0,0
6,974-3-14-148432-0,5022,20,12,2017,31,12,2017,0,0,0
7,974-3-14-148432-0,5022,20,12,2017,31,12,2017,0,0,0
8,988-3-29-123674-0,5021,20,12,2017,31,12,2017,0,0,0
9,978-3-16-148410-0,5021,12,12,2017,11,1,2018,0,0,0
10,967-4-23-176296-0,5021,2,1,2018,20,12,2017,0,0,0
